SPR
41,165,166,167,168,169,170,171,172,173,174,175,176,177,178,793,795,940,951,1313,1316
FRP
16,17,18,20,23,24,27,29,30,33,779,785,980,OCC,19,21,22,25,26,31,32,735,762,763,817,943,984,1334
NRM
15
LUX
15
BAY
50,52,53,54,780
NGF
55,56,57,58,59,60,839
DDR
5,61,62,63,64,65,66,67,68,86,188,776,777
WGR
28,42,51,781
QIE
1053,1054,1055,1056,1014,1013,1012,1052,1050,1049,1047,1046,1045,1044,1064,1069,1068,1067,1066,1065,325,524,601,603,605,607,608,611,614,615,620,622,650,661,788,799,816,1015,1048,1051,1058,1059,1060,1061,1062,1063,1072,591,593,594,595,596,597,598,599,600,602,606,613,728,800,802,801,744,729,326,996,609,803,743,1075,746,747,592
Manchuria
885,328,884,883,714,715,716,717,610,886
BRI
14,983
Turkestan
405,407,584,585,712,732,861,1042,1196,1203,1209,1210,1211,1275,1276,1277,1278,1279,1281
TRM
408,409,560,561,562,563,574,637,657,1246
SIB
40,403,516,564,565,566,567,568,569,570,571,572,575,576,577,578,580,582,644,653,1200,1201,1202,1292
KOR
XSM
283,287,348,353,604,616,617,618,619,621,774,897,1083,1085,322,693,748,1086
Japan
282,525,526,527,528,529,530,531,532,533,534,535,536,537,555,629,630,631,632,638,642,645,648,726,727,745
INS
335,667,668,669,672,673,721,843,972,1017,1018,1019,1020,1021,1022,1023,1333
SAR
333,334,828,1016,PHI,327,623,624,625,626,627,628
Australasian Confederation
284,285,517,518,519,520,521,522,523,634,635,636,674,723,734,737,757,985,986,987,988
PER
266,410,411,412,413,414,416,417,418,419,420,421,804
Almighty Don Host
218,237,238,245,1226,1231,1263,1264,1265,1266
Turkey
49,118,137,164,183,184,187,230,273,281,754,752,291,1225,339,340,341,342,343,344,345,346,349,350,352,354,355,356,446,447,448,450,451,452,453,454,455,456,457,1213,982,981,1089,1082,730,941,552,553,554,819,1220,1077,1009,1008,1001,633,992,1000,812,639,641,643,646,647,659,663,995,676,677,679,680,684,695,703,704,709,710,711,773,725,733,753
Ukraine
89,91,93,192,193,196,197,198,199,200,201,202,203,221,225,226,227,228,240,241,259,791,792,821,997,1126,1127,1140,1221,1228,1230,1232,1233,1234,1237,1238,1239,1240,1241,1242,1243,1244,1245,1282,1283,1284,1285,1286
WHR
95,194,204,206,207,1087,1294,1295
BAT
Finland
111,146,147,148,149,150,213,722,840,844,863,864,865,1324,1325,1326
SWE
38,124,138,139,140,141,145,666,778,908,909,960
NOR
110,142,143,144,936,937,1146,1147
DEN
37,99,101,337,782,926
GER
DDR
5,61,62,63,64,65,66,67,68,86,188,776,777
BEL
6,34,741
HOL
7,35,36,866,978,979
CZE
9,69,71,74,75,786,1129,1130,1131,1132,1133,1134,1138,1139
Austria
4,152,153,775,835,836,942,1137,1235,1272
POL
10,87,88,90,92,94,97,98,1088,1124,1125,1148,1314,1319
ITA
1,2,39,114,115,116,117,156,157,158,159,160,161,162,742,759,764,783,837,838,1002,1003,1004,1005,1006,1149,1236
HUN
43,154,155,784,1106,1107,1108,1109,1110,1111,SER,48,106,107,108,211,212,1271,765,767,1269,770,771,841,875,1090
ALB
44,105,766,1097,1268,1270
GRE
47,182,185,186,758,768,939,731,769,1076,989
ROM
46,77,81,772
SPR
41,165,166,167,168,169,170,171,172,173,174,175,176,177,178,793,795,940,951,1313,1316
POR
112,179,180,181,697,698,705
GBP
123,125,126,127,128,129,130,131,132,338,1315,1317
WAL
122
IRE
113,119,134,135
TRS
76,82,83,84,789,1112,1113,1114,1115,1116,1117,1118
Moldavia
78,79,80,713,1222,1320
SER
48,106,107,108,211,212,1271,765,767,1269,770,771,841,875,1090
BOS
45,102,103,104,109,163,736,794,1098,1099,1100,1101,1102,1103,1104,1105,1128,1141,1142,1143,1144,1145,1206
ALG
459,460,513,514,805
ETH
268,269,271,550,559,892,906,919,920,921,922,923,924,944,961,1297
SAF
85,275,540,541,542,544,545,681,719,738,813,871,914,916,917,945,946,947,950,954,955,956,957,958,959,964,1176
AFG
267,415,1217,1218
MAG
543,706,707,708,1177,1178,1179
DEH
320,321,422,423,424,425,426,427,428,429,430,431,432,433,434,435,436,437,438,439,440,441,442,443,444,445,814,815,858,867,868,889,890,891,893,1034,1057,1092,1093,1094,1095,1219
CHL
270,279,506,507,872,873,874,1028
URG
300
BOL
302,487,688,847,848,1027,1073
BRA
280,495,496,497,498,499,500,501,502,503,504,505,855,894,895,896,898,900,1030,1031,1033,1040,1041,1043,1305,1306,1311,1310,1307
PRU
303,491,492,494,845
KAR
215,216,1274,1327
RUS
195,205,208,209,210,214,217,219,220,222,223,224,236,239,242,243,244,246,247,248,249,250,251,252,253,254,255,256,257,258,260,262,263,264,265,351,397,398,399,400,401,573,581,651,652,755,1193,1194,1195,1197,1198,1199,1204,1205,1207,1224,1229,1287,1288,1289,1290,1291,1328
COL
306,486,493,851,852,853,1214,1215,1216,1296,305,490,649,1280,307,488,489,849,850,912,1036
MEX
277,474,475,476,477,478,479,480,481,482,483,484,485,1252,1253,1254,1255
TXS
1161,833,1166,375,1096
DSR
376,377,379,380,1174
CAL
1165,829,798,797,386,385,378
AML
1150,1163,373,390,389,382,387,1157,1164,388,1175,381,383,384
FSA
374,1158,362,363,364,365,359,367,368,369,370,371,372,1155,1156,1160,1162,935,934,933,932,931,796,357,358,361,930
CGL
929,360,396,395,394,393,1152,1154,1159,391,1151,392,1153,1173,261
CAN
470,469,468,467,466,465,464,1332,1331,1330,832,740,739,683,682,473,472,471,276,463,1273,332,331
ICE
100
MON
329,330,612,654,811,1084,1293
Alash Orda
402,404,406,583,586,587,588,589,590,810,1208,1212